iteration	ph_iter	max_eps															
0	17	5,10E-06															
1	1	2,55E-06															
2	1	1,28E-06															
3	1	6,50E-07															
4	1	3,72E-07															
5	1	1,86E-07														G	1
6	1	1,70E-07														L	0
7	1	7,34E-08														phi	-1
8	1	1,23E-07															
9	1	9,92E-08															
10	1	1,14E-07															
11	1	1,07E-07															
12	1	1,09E-07															
13	1	1,06E-07															
14	1	1,05E-07															
15	1	1,04E-07															
16	1	1,02E-07															
17	1	1,01E-07															
18	1	9,90E-08															
19	1	9,77E-08															
20	1	9,66E-08															
21	1	9,90E-08															
22	1	1,02E-07															
23	1	1,04E-07															
24	1	1,06E-07															
25	1	1,06E-07															
26	1	1,06E-07															
27	1	1,06E-07															
28	1	1,05E-07															
29	1	1,03E-07															
30	1	1,01E-07															
31	1	9,87E-08															
32	1	9,59E-08															
33	1	9,29E-08															
34	1	9,41E-08															
35	1	9,55E-08															
36	1	9,69E-08															
37	1	9,77E-08															
38	1	9,81E-08															
39	1	9,83E-08															
40	1	9,81E-08															
41	1	9,75E-08															
42	1	9,67E-08															
43	1	9,54E-08															
44	1	9,40E-08															
45	1	9,22E-08															
46	1	9,03E-08															
47	1	8,82E-08															
48	1	8,59E-08															
49	1	8,35E-08															
50	1	8,09E-08															
51	1	7,84E-08															
52	1	7,57E-08															
53	1	7,31E-08															
54	1	7,04E-08															
55	1	6,77E-08															
56	1	6,51E-08															
57	1	6,26E-08															
58	1	6,05E-08															
59	1	5,84E-08															
60	1	5,64E-08															
61	1	5,44E-08															
62	1	5,26E-08															
63	1	5,12E-08															
64	1	5,25E-08															
65	1	5,41E-08															
66	1	5,57E-08															
67	1	5,71E-08															
68	1	5,85E-08															
69	1	5,97E-08															
70	1	6,12E-08															
71	1	6,25E-08															
72	1	6,38E-08															
73	1	6,50E-08															
74	1	6,61E-08															
75	1	6,71E-08															
76	1	6,80E-08															
77	1	6,88E-08															
78	1	6,95E-08															
79	1	7,02E-08															
80	1	7,08E-08															
81	1	7,13E-08															
82	1	7,18E-08															
83	1	7,22E-08															
84	1	7,25E-08															
85	1	7,28E-08															
86	1	7,30E-08															
87	1	7,32E-08															
88	1	7,33E-08															
89	1	7,35E-08															
90	1	7,36E-08															
91	1	7,37E-08															
92	1	7,38E-08															
93	1	7,38E-08															
94	1	7,37E-08															
95	1	7,37E-08															
96	1	7,38E-08															
97	1	7,46E-08															
98	1	7,53E-08															
99	1	7,60E-08															
100	1	7,67E-08															
101	1	7,73E-08															
102	1	7,80E-08															
103	1	7,86E-08															
104	1	7,92E-08															
105	1	7,98E-08															
106	1	8,04E-08															
107	1	8,09E-08															
108	1	8,14E-08															
109	1	8,19E-08															
110	1	8,24E-08															
111	1	8,28E-08															
112	1	8,32E-08															
113	1	8,36E-08															
114	1	8,40E-08															
115	1	8,43E-08															
116	1	8,47E-08															
117	1	8,50E-08															
118	1	8,53E-08															
119	1	8,55E-08															
120	1	8,58E-08															
121	1	8,60E-08															
122	1	8,62E-08															
123	1	8,64E-08															
124	1	8,66E-08															
125	1	8,67E-08															
126	1	8,69E-08															
127	1	8,70E-08															
128	1	8,71E-08															
129	1	8,71E-08															
130	1	8,72E-08															
131	1	8,73E-08															
132	1	8,73E-08															
133	1	8,73E-08															
134	1	8,73E-08															
135	1	8,73E-08															
136	1	8,73E-08															
137	1	8,72E-08															
138	1	8,72E-08															
139	1	8,71E-08															
140	1	8,70E-08															
141	1	8,69E-08															
142	1	8,68E-08															
143	1	8,67E-08															
144	1	8,66E-08															
145	1	8,65E-08															
146	1	8,63E-08															
147	1	8,62E-08															
148	1	8,61E-08															
149	1	8,59E-08															
150	1	8,57E-08															
151	1	8,55E-08															
152	1	8,54E-08															
153	1	8,52E-08															
154	1	8,50E-08															
155	1	8,48E-08															
156	1	8,46E-08															
157	1	8,43E-08															
158	1	8,41E-08															
159	1	8,39E-08															
160	1	8,37E-08															
161	1	8,34E-08															
162	1	8,32E-08															
163	1	8,29E-08															
164	1	8,27E-08															
165	1	8,24E-08															
166	1	8,22E-08															
167	1	8,19E-08															
168	1	8,16E-08															
169	1	8,14E-08															
170	1	8,11E-08															
171	1	8,08E-08															
172	1	8,05E-08															
173	1	8,03E-08															
174	1	8,00E-08															
175	1	7,97E-08															
176	1	7,94E-08															
177	1	7,91E-08															
178	1	7,89E-08															
179	1	7,86E-08															
180	1	7,83E-08															
181	1	7,80E-08															
182	1	7,77E-08															
183	1	7,74E-08															
184	1	7,71E-08															
185	1	7,68E-08															
186	1	7,65E-08															
187	1	7,62E-08															
188	1	7,59E-08															
189	1	7,56E-08															
190	1	7,54E-08															
191	1	7,51E-08															
192	1	7,48E-08															
193	1	7,45E-08															
194	1	7,42E-08															
195	1	7,39E-08															
196	1	7,36E-08															
197	1	7,33E-08															
198	1	7,30E-08															
199	1	7,28E-08															
200	1	7,25E-08															
201	1	7,22E-08															
202	1	7,19E-08															
203	1	7,16E-08															
204	1	7,14E-08															
205	1	7,11E-08															
206	1	7,08E-08															
207	1	7,05E-08															
208	1	7,03E-08															
209	1	7,00E-08															
210	1	6,97E-08															
211	1	6,94E-08															
212	1	6,92E-08															
213	1	6,89E-08															
214	1	6,86E-08															
215	1	6,84E-08															
216	1	6,81E-08															
217	1	6,79E-08															
218	1	6,76E-08															
219	1	6,74E-08															
220	1	6,71E-08															
221	1	6,69E-08															
222	1	6,67E-08															
223	1	6,64E-08															
224	1	6,62E-08															
225	1	6,59E-08															
226	1	6,57E-08															
227	1	6,55E-08															
228	1	6,52E-08															
229	1	6,50E-08															
230	1	6,49E-08															
231	1	6,47E-08															
232	1	6,45E-08															
233	1	6,43E-08															
234	1	6,41E-08															
235	1	6,39E-08															
236	1	6,37E-08															
237	1	6,35E-08															
238	1	6,34E-08															
239	1	6,32E-08															
240	1	6,30E-08															
241	1	6,28E-08															
242	1	6,26E-08															
243	1	6,24E-08															
244	1	6,23E-08															
245	1	6,21E-08															
246	1	6,19E-08															
247	1	6,18E-08															
248	1	6,16E-08															
249	1	6,14E-08															
250	1	6,13E-08															
251	1	6,11E-08															
252	1	6,09E-08															
253	1	6,08E-08															
254	1	6,06E-08															
255	1	6,04E-08															
256	1	6,03E-08															
257	1	6,01E-08															
258	1	6,00E-08															
259	1	5,98E-08															
260	1	5,97E-08															
261	1	5,95E-08															
262	1	5,94E-08															
263	1	5,92E-08															
264	1	5,91E-08															
265	1	5,89E-08															
266	1	5,88E-08															
267	1	5,86E-08															
268	1	5,85E-08															
269	1	5,84E-08															
270	1	5,82E-08															
271	1	5,81E-08															
272	1	5,80E-08															
273	1	5,78E-08															
274	1	5,77E-08															
275	1	5,76E-08															
276	1	5,74E-08															
277	1	5,73E-08															
278	1	5,72E-08															
279	1	5,70E-08															
280	1	5,69E-08															
281	1	5,68E-08															
282	1	5,67E-08															
283	1	5,66E-08															
284	1	5,64E-08															
285	1	5,63E-08															
286	1	5,62E-08															
287	1	5,61E-08															
288	1	5,60E-08															
289	1	5,59E-08															
290	1	5,57E-08															
291	1	5,56E-08															
292	1	5,55E-08															
293	1	5,54E-08															
294	1	5,53E-08															
295	1	5,52E-08															
296	1	5,51E-08															
297	1	5,50E-08															
298	1	5,90E-08															
299	1	6,36E-08															
300	1	6,85E-08															
301	1	7,37E-08															
302	1	7,93E-08															
303	1	8,54E-08															
304	1	9,18E-08															
305	1	9,88E-08															
306	1	1,06E-07															
307	1	1,14E-07															
308	1	1,23E-07															
309	1	1,34E-07															
310	1	1,46E-07															
311	1	1,58E-07															
312	1	1,72E-07															
313	1	1,87E-07															
314	1	2,03E-07															
315	1	2,20E-07															
316	1	2,39E-07															
317	1	2,60E-07															
318	1	2,82E-07															
319	1	3,07E-07															
320	1	3,33E-07															
321	1	3,63E-07															
322	1	3,95E-07															
323	1	4,30E-07															
324	1	4,68E-07															
325	1	5,10E-07															
326	1	5,57E-07															
327	1	6,08E-07															
328	1	6,65E-07															
329	1	7,27E-07															
330	1	7,96E-07															
331	1	8,72E-07															
332	1	9,56E-07															
333	1	1,05E-06															
334	1	1,15E-06															
335	1	1,27E-06															
336	1	1,40E-06															
337	1	1,54E-06															
338	1	1,70E-06															
339	1	1,87E-06															
340	1	2,07E-06															
341	1	2,29E-06															
342	1	2,54E-06															
343	1	2,81E-06															
344	1	3,12E-06															
345	1	3,46E-06															
346	1	3,84E-06															
347	1	4,27E-06															
348	1	4,74E-06															
349	1	5,27E-06															
350	1	5,85E-06															
351	1	6,49E-06															
352	1	7,21E-06															
353	1	7,99E-06															
354	1	8,84E-06															
355	1	9,77E-06															
356	2	9,51E-06															
357	2	9,95E-06															
358	4	9,86E-06															
359	4	9,74E-06															
360	4	9,55E-06															
361	2	9,87E-06															
362	4	9,66E-06															
363	2	1,00E-05															
364	4	9,80E-06															
365	4	9,62E-06															
366	3	9,80E-06															
367	3	9,67E-06															
368	3	9,75E-06															
369	3	9,78E-06															
370	3	9,83E-06															
371	3	9,87E-06															
372	3	9,89E-06															
373	3	9,91E-06															
374	5	9,71E-06															
375	5	9,97E-06															
376	6	9,87E-06															
377	6	9,74E-06															
378	4	9,98E-06															
379	6	9,82E-06															
380	5	9,92E-06															
381	5	9,89E-06															
382	5	9,86E-06															
383	5	9,76E-06															
384	4	9,94E-06															
385	5	9,63E-06															
386	3	9,94E-06															
387	5	9,58E-06															
388	3	9,95E-06															
389	4	9,93E-06															
390	3	9,71E-06															
391	4	9,88E-06															
392	5	9,94E-06															
393	5	9,85E-06															
394	4	9,95E-06															
395	4	9,89E-06															
396	4	9,69E-06															
397	2	9,85E-06															
398	3	9,70E-06															
399	2	9,65E-06															
400	2	9,62E-06															
401	2	9,35E-06															
402	2	9,80E-06															
403	3	9,04E-06															
404	1	9,87E-06															
405	5	9,50E-06															
406	3	9,31E-06															
407	3	9,23E-06															
408	3	9,36E-06															
409	2	9,91E-06															
410	4	9,79E-06															
411	3	9,85E-06															
412	3	9,75E-06															
413	3	9,41E-06															
414	1	9,83E-06															
415	1	9,66E-06															
416	2	9,66E-06															
417	3	9,88E-06															
418	3	9,83E-06															
419	3	9,85E-06															
420	3	9,82E-06															
421	3	9,70E-06															
422	3	9,51E-06															
423	2	9,80E-06															
424	3	9,40E-06															
425	2	9,50E-06															
426	1	9,98E-06															
427	2	9,63E-06															
428	1	9,42E-06															
429	1	9,52E-06															
430	2	9,76E-06															
431	3	9,06E-06															
432	2	9,71E-06															
433	3	9,38E-06															
434	3	8,99E-06															
435	3	8,92E-06															
436	2	9,81E-06															
437	3	9,01E-06															
438	2	9,98E-06															
439	3	8,82E-06															
440	1	9,44E-06															
441	2	9,25E-06															
442	2	9,84E-06															
443	2	9,47E-06															
444	2	9,00E-06															
445	2	8,72E-06															
446	1	9,96E-06															
447	2	9,53E-06															
448	3	9,95E-06															
449	5	9,89E-06															
450	5	9,80E-06															
451	4	9,94E-06															
452	4	9,98E-06															
453	4	9,93E-06															
454	4	9,83E-06															
455	4	9,61E-06															
456	3	9,72E-06															
457	3	9,39E-06															
458	2	9,89E-06															
459	3	9,14E-06															
460	2	9,88E-06															
461	3	8,98E-06															
462	2	9,59E-06															
463	2	9,91E-06															
464	3	9,66E-06															
465	2	9,99E-06															
466	4	9,76E-06															
467	3	9,90E-06															
468	3	9,95E-06															
469	3	9,86E-06															
470	3	9,66E-06															
471	2	1,00E-05															
472	3	9,46E-06															
473	3	9,42E-06															
474	3	9,34E-06															
475	2	9,90E-06															
476	3	9,23E-06															
477	2	9,82E-06															
478	3	8,97E-06															
479	2	9,52E-06															
480	2	9,79E-06															
481	2	9,87E-06															
482	2	9,94E-06															
483	2	9,86E-06															
484	2	9,94E-06															
485	6	9,68E-06															
486	6	9,80E-06															
487	6	9,86E-06															
488	6	9,82E-06															
489	5	9,90E-06															
490	4	9,87E-06															
491	4	9,78E-06															
492	3	9,94E-06															
493	4	9,69E-06															
494	2	9,88E-06															
495	3	9,87E-06															
496	2	9,77E-06															
497	2	9,64E-06															
498	4	9,77E-06															
499	6	9,50E-06															
500	2	9,83E-06															
501	6	9,77E-06															
502	2	9,93E-06															
503	6	9,65E-06															
504	2	9,62E-06															
505	4	9,91E-06															
506	2	9,67E-06															
507	4	9,92E-06															
508	2	9,65E-06															
509	4	9,75E-06															
510	2	9,88E-06															
511	6	9,99E-06															
512	8	9,73E-06															
513	7	9,84E-06															
514	7	9,76E-06															
515	6	9,86E-06															
516	6	9,85E-06															
517	6	9,85E-06															
518	6	9,82E-06															
519	6	9,76E-06															
520	6	9,64E-06															
521	4	9,95E-06															
522	5	9,93E-06															
523	4	9,96E-06															
524	4	1,00E-05															
525	4	9,96E-06															
526	4	9,94E-06															
527	5	9,98E-06															
528	5	9,89E-06															
529	4	9,92E-06															
530	4	9,97E-06															
531	4	9,90E-06															
532	4	9,71E-06															
533	3	9,80E-06															
534	3	9,67E-06															
535	3	9,27E-06															
536	3	8,79E-06															
537	2	9,51E-06															
538	2	9,52E-06															
539	2	9,28E-06															
540	2	9,62E-06															
541	4	9,43E-06															
542	4	9,36E-06															
543	2	1,00E-05															
544	5	9,97E-06															
545	4	9,75E-06															
546	4	9,79E-06															
547	4	9,79E-06															
548	4	9,78E-06															
549	4	9,76E-06															
550	4	9,72E-06															
551	4	9,70E-06															
552	4	9,66E-06															
553	4	9,59E-06															
554	2	9,99E-06															
555	5	9,63E-06															
556	2	9,86E-06															
557	4	9,94E-06															
558	4	9,66E-06															
559	2	9,59E-06															
560	4	9,48E-06															
561	2	9,36E-06															
562	2	9,80E-06															
563	2	9,85E-06															
564	3	9,62E-06															
565	2	9,25E-06															
566	2	9,44E-06															
567	2	9,55E-06															
568	2	9,69E-06															
569	2	9,76E-06															
570	2	9,79E-06															
571	2	9,92E-06															
572	4	9,62E-06															
573	2	9,59E-06															
574	2	9,95E-06															
575	6	9,86E-06															
576	4	9,38E-06															
577	2	9,62E-06															
578	2	9,96E-06															
579	4	9,99E-06															
580	4	9,53E-06															
581	2	9,67E-06															
582	2	9,79E-06															
583	4	9,48E-06															
584	2	9,30E-06															
585	2	9,01E-06															
586	2	8,80E-06															
587	2	8,90E-06															
588	2	8,91E-06															
589	2	8,88E-06															
590	2	8,74E-06															
591	2	9,07E-06															
592	2	9,41E-06															
593	2	9,70E-06															
594	4	9,72E-06															
595	4	9,79E-06															
596	4	9,73E-06															
597	2	9,92E-06															
598	4	9,83E-06															
599	2	9,90E-06															
600	4	9,78E-06															
601	2	9,84E-06															
602	4	9,73E-06															
603	2	9,74E-06															
604	4	9,62E-06															
605	2	9,48E-06															
606	2	9,61E-06															
607	2	9,68E-06															
608	2	9,81E-06															
609	4	9,74E-06															
610	2	9,71E-06															
611	4	9,60E-06															
612	2	9,97E-06															
613	4	9,50E-06															
614	2	9,36E-06															
615	2	9,08E-06															
616	2	9,26E-06															
617	2	9,46E-06															
618	6	9,74E-06															
619	6	9,78E-06															
620	5	9,94E-06															
621	2	9,93E-06															
622	5	9,96E-06															
623	2	9,91E-06															
624	4	9,96E-06															
625	5	9,87E-06															
626	2	9,91E-06															
627	2	9,92E-06															
628	2	9,83E-06															
629	2	9,50E-06															
630	2	9,42E-06															
631	3	9,86E-06															
632	2	9,79E-06															
633	3	9,91E-06															
634	2	9,88E-06															
635	3	9,90E-06															
636	2	9,84E-06															
637	3	9,93E-06															
638	2	9,79E-06															
639	2	9,93E-06															
640	3	9,93E-06															
641	2	9,40E-06															
642	2	9,37E-06															
643	2	9,76E-06															
644	4	9,92E-06															
645	4	1,00E-05															
646	4	9,78E-06															
647	2	9,73E-06															
648	2	9,93E-06															
649	4	9,98E-06															
650	4	9,80E-06															
651	4	9,58E-06															
652	4	9,34E-06															
653	2	9,82E-06															
654	4	9,54E-06															
655	2	9,79E-06															
656	4	9,56E-06															
657	2	9,84E-06															
658	4	9,60E-06															
659	2	9,85E-06															
660	4	9,59E-06															
661	2	9,81E-06															
662	4	9,54E-06															
663	2	9,74E-06															
664	4	9,45E-06															
665	2	9,69E-06															
666	4	9,41E-06															
667	2	9,61E-06															
668	6	9,43E-06															
669	4	9,86E-06															
670	6	9,40E-06															
671	4	9,61E-06															
672	4	9,62E-06															
673	4	9,63E-06															
674	4	9,57E-06															
675	4	9,51E-06															
676	4	9,39E-06															
677	4	9,24E-06															
678	4	9,03E-06															
679	2	9,80E-06															
680	4	9,77E-06															
681	4	9,82E-06															
682	4	9,85E-06															
683	4	9,74E-06															
684	4	9,53E-06															
685	4	9,23E-06															
686	2	9,97E-06															
687	8	9,52E-06															
688	6	9,73E-06															
689	6	9,71E-06															
690	6	9,57E-06															
691	4	9,81E-06															
692	6	9,59E-06															
693	2	9,99E-06															
694	6	9,85E-06															
695	4	9,76E-06															
696	4	9,64E-06															
697	4	9,53E-06															
698	2	9,82E-06															
699	4	9,78E-06															
700	2	9,64E-06															
701	2	9,67E-06															
702	4	9,63E-06															
703	2	9,52E-06															
704	2	9,84E-06															
705	4	9,59E-06															
706	2	9,53E-06															
707	2	9,73E-06															
708	2	9,72E-06															
709	2	9,54E-06															
710	2	9,23E-06															
711	2	9,13E-06															
712	2	9,04E-06															
713	2	9,15E-06															
714	2	9,43E-06															
715	2	9,66E-06															
716	2	9,85E-06															
717	4	9,53E-06															
718	2	9,64E-06															
719	4	9,28E-06															
720	2	9,26E-06															
721	2	9,60E-06															
722	2	9,62E-06															
723	2	9,72E-06															
724	2	9,78E-06															
725	4	9,79E-06															
726	4	9,90E-06															
727	4	9,73E-06															
728	2	9,88E-06															
729	4	9,67E-06															
730	2	9,90E-06															
731	4	9,56E-06															
732	2	9,69E-06															
733	2	9,75E-06															
734	4	9,23E-06															
735	2	9,48E-06															
736	2	9,86E-06															
737	3	9,55E-06															
738	2	9,74E-06															
739	4	9,37E-06															
740	2	9,52E-06															
741	4	9,43E-06															
742	2	9,83E-06															
743	4	9,57E-06															
744	2	9,72E-06															
745	2	9,82E-06															
746	2	9,76E-06															
747	2	9,72E-06															
748	7	9,89E-06															
749	5	9,92E-06															
750	5	9,80E-06															
751	2	9,83E-06															
752	2	9,93E-06															
753	3	9,56E-06															
754	2	9,51E-06															
755	6	9,54E-06															
756	2	9,98E-06															
757	7	9,93E-06															
758	4	9,68E-06															
759	4	9,63E-06															
760	2	9,98E-06															
761	6	9,40E-06															
762	2	9,30E-06															
763	2	9,49E-06															
764	2	9,99E-06															
765	7	9,90E-06															
766	7	9,82E-06															
767	4	9,95E-06															
768	6	9,80E-06															
769	4	9,53E-06															
770	3	9,98E-06															
771	4	9,59E-06															
772	3	9,82E-06															
773	3	9,96E-06															
774	3	9,93E-06															
775	3	9,83E-06															
776	3	9,67E-06															
777	2	9,96E-06															
778	2	9,81E-06															
779	6	9,75E-06															
780	2	9,81E-06															
781	6	9,77E-06															
782	2	9,54E-06															
783	2	9,91E-06															
784	6	9,74E-06															
785	2	9,66E-06															
786	2	9,90E-06															
787	4	9,91E-06															
788	2	9,79E-06															
789	2	9,70E-06															
790	2	9,65E-06															
791	2	9,87E-06															
792	4	9,79E-06															
793	2	9,91E-06															
794	4	9,62E-06															
795	2	9,82E-06															
796	4	9,30E-06															
797	2	9,45E-06															
798	2	9,59E-06															
799	2	9,78E-06															
800	4	9,87E-06															
801	4	9,85E-06															
802	3	9,82E-06															
803	3	9,85E-06															
804	3	9,70E-06															
805	3	9,72E-06															
806	2	9,94E-06															
807	4	9,36E-06															
808	4	9,63E-06															
809	4	9,76E-06															
810	4	9,80E-06															
811	4	9,73E-06															
812	4	9,52E-06															
813	4	9,17E-06															
814	2	9,57E-06															
815	6	9,70E-06															
816	6	9,57E-06															
817	6	9,39E-06															
818	4	9,83E-06															
819	6	9,42E-06															
820	4	9,86E-06															
821	6	9,27E-06															
822	4	9,63E-06															
823	4	9,69E-06															
824	4	9,70E-06															
825	5	9,83E-06															
826	7	9,94E-06															
827	6	9,98E-06															
828	6	9,99E-06															
829	8	9,90E-06															
830	6	9,97E-06															
831	7	9,80E-06															
832	5	9,96E-06															
833	5	9,98E-06															
834	5	9,90E-06															
835	5	9,80E-06															
836	5	9,59E-06															
837	5	9,21E-06															
838	5	9,12E-06															
839	5	9,06E-06															
840	3	9,97E-06															
841	3	9,93E-06															
842	5	9,56E-06															
843	3	9,81E-06															
844	5	9,63E-06															
845	5	9,72E-06															
846	5	9,69E-06															
847	5	9,61E-06															
848	5	9,80E-06															
849	6	9,49E-06															
850	4	9,73E-06															
851	8	9,76E-06															
852	7	9,48E-06															
853	4	9,97E-06															
854	16	9,91E-06															
855	4	8,71E-06															
856	4	9,65E-06															
857	27	9,97E-06															
858	2	9,83E-06															
859	7	9,66E-06															
860	23	1,00E-05															
861	2	9,34E-06															
862	23	9,94E-06															
863	3	9,92E-06															
864	27	9,99E-06															
865	4	8,84E-06															
866	28	9,94E-06															
867	4	9,06E-06															
868	31	9,94E-06															
869	4	9,00E-06															
870	33	9,99E-06															
871	4	9,01E-06															
872	36	1,00E-05															
873	4	8,96E-06															
874	41	9,97E-06															
875	8	9,83E-06															
876	40	1,00E-05															
877	20	1,00E-05															
